94.0800177703 10.9966867235 94.2565325814 11.5821197222 0.268467270589 0.276753562544 2016 3 8  23:17:60.0
94.071895002 11.3087663773 94.2458098564 11.8837455239 0.268467208574 0.276780255448 2016 3 8  23:19:15.63
94.063890537 11.6209474428 94.2351938019 12.185483766 0.268467146562 0.276806929474 2016 3 8  23:20:31.261
94.0560042452 11.9332232081 94.2246840972 12.4873293929 0.268467084547 0.276833583475 2016 3 8  23:21:46.891
94.0482360677 12.2455871585 94.2142804518 12.7892772886 0.268467022532 0.276860216296 2016 3 8  23:23:2.521
94.0405859376 12.5580337774 94.2039825728 13.0913231973 0.268466960516 0.276886826859 2016 3 8  23:24:18.151
94.0330538239 12.8705578939 94.1937901866 13.393463047 0.268466898504 0.276913414101 2016 3 8  23:25:33.782
94.0256396722 13.1831546632 94.1837030338 13.6956930739 0.268466836488 0.276939976984 2016 3 8  23:26:49.412
94.0183434878 13.4958197278 94.1737208687 13.9980097957 0.268466774473 0.276966514497 2016 3 8  23:28:5.042
94.0111652805 13.8085490442 94.1638434601 14.3004099845 0.268466712458 0.276993025649 2016 3 8  23:29:20.672
94.0041050783 14.1213388829 94.1540705903 14.6028906442 0.268466650442 0.27701950947 2016 3 8  23:30:36.303
93.9971629421 14.4341858328 94.1444020562 14.9054489897 0.268466588429 0.277045965009 2016 3 8  23:31:51.933
93.9903389054 14.747086806 94.1348376634 15.2080825891 0.268466526413 0.277072391344 2016 3 8  23:33:7.563
93.9836330733 15.0600385492 94.1253772471 15.5107887035 0.268466464398 0.277098787528 2016 3 8  23:34:23.193
93.977045545 15.3730384892 94.1160206414 15.8135652373 0.268466402382 0.277125152671 2016 3 8  23:35:38.824
93.9705764566 15.6860841135 94.1067676997 16.1164100815 0.268466340368 0.277151485881 2016 3 8  23:36:54.454
93.9642259207 15.9991729858 94.0976182898 16.419321262 0.268466278352 0.277177786277 2016 3 8  23:38:10.084
93.9579941119 16.3123029321 94.088572294 16.7222969282 0.268466216336 0.277204052991 2016 3 8  23:39:25.714
93.95188121 16.6254718947 94.0796296088 17.0253353452 0.26846615432 0.277230285164 2016 3 8  23:40:41.345
93.9458874144 16.9386779498 94.0707901456 17.3284348815 0.268466092304 0.277256481949 2016 3 8  23:41:56.975
93.940012956 17.2519195 94.0620538255 17.6315941644 0.26846603029 0.277282642519 2016 3 8  23:43:12.605
93.9342580514 17.5651944599 94.0534205984 17.9348114268 0.268465968274 0.277308766015 2016 3 8  23:44:28.235
93.9286229715 17.8785014521 94.044890415 18.2380854679 0.268465906258 0.277334851628 2016 3 8  23:45:43.866
93.9231079964 18.1918389956 94.0364632456 18.5414150022 0.268465844241 0.277360898541 2016 3 8  23:46:59.496
93.9177134269 18.5052056989 94.0281390756 18.8447988147 0.268465782225 0.277386905945 2016 3 8  23:48:15.126
93.9124395994 18.8186002873 94.0199179053 19.1482357564 0.268465720211 0.277412873036 2016 3 8  23:49:30.756
93.9072868274 19.1320214615 94.0117997504 19.451724739 0.268465658194 0.277438799019 2016 3 8  23:50:46.387
93.9022554899 19.4454680943 94.0037846421 19.7552647307 0.268465596177 0.2774646831 2016 3 8  23:52:2.017
93.8973459727 19.7589390905 93.995872627 20.0588547526 0.268465534161 0.277490524496 2016 3 8  23:53:17.647
93.8925586962 20.0724336163 93.988063763 20.3624940356 0.268465472146 0.277516322437 2016 3 8  23:54:33.277
93.8878940658 20.3859502933 93.9803581367 20.6661813729 0.268465410129 0.277542076121 2016 3 8  23:55:48.908
93.8833525463 20.6994883971 93.9727558377 20.9699160836 0.268465348112 0.277567784791 2016 3 8  23:57:4.538
93.8789346133 21.0130470517 93.9652569761 21.2736973654 0.268465286095 0.277593447679 2016 3 8  23:58:20.168
93.8746407654 21.326625427 93.9578616785 21.5775244529 0.268465224078 0.277619064021 2016 3 8  23:59:35.798
93.8704715397 21.640222769 93.9505700875 21.8813966155 0.268465162064 0.27764463306 2016 3 9  0:0:51.429
93.8664274522 21.9538382623 93.9433823626 22.1853131548 0.268465100046 0.27767015404 2016 3 9  0:2:7.059
93.8625090881 22.2674712298 93.9362986802 22.4892734029 0.268465038029 0.27769562621 2016 3 9  0:3:22.689
93.8587170419 22.5811209952 93.9293192335 22.7932767201 0.268464976012 0.277721048821 2016 3 9  0:4:38.319
93.8550519469 22.8947871156 93.9224442296 23.0973226552 0.268464913997 0.277746421143 2016 3 9  0:5:53.95
93.8515144212 23.2084685756 93.9156739037 23.4014102966 0.268464851979 0.277771742408 2016 3 9  0:7:9.58
93.848105149 23.5221649912 93.909008498 23.7055392415 0.268464789961 0.27779701189 2016 3 9  0:8:25.21
93.8448248271 23.8358758035 93.9024482759 24.0097089467 0.268464727944 0.277822228855 2016 3 9  0:9:40.84
93.8416741791 24.1496004798 93.8959935194 24.3139188912 0.268464665926 0.277847392571 2016 3 9  0:10:56.471
93.8386539712 24.4633385436 93.8896445287 24.618168572 0.268464603911 0.277872502308 2016 3 9  0:12:12.101
93.8357649507 24.7770894395 93.8834016226 24.9224575048 0.268464541893 0.277897557341 2016 3 9  0:13:27.731
93.8330079392 25.0908527339 93.877265139 25.2267852226 0.268464479875 0.277922556945 2016 3 9  0:14:43.361
93.8303837717 25.4046279791 93.871235435 25.5311512746 0.268464417857 0.277947500401 2016 3 9  0:15:58.992
93.8278933266 25.7184149468 93.8653128842 25.8355553872 0.268464355841 0.277972387002 2016 3 9  0:17:14.622
93.8255374685 26.0322128225 93.8594978893 26.1399968152 0.268464293823 0.277997216007 2016 3 9  0:18:30.252
93.8233171355 26.3460214115 93.8537908639 26.444475313 0.268464231805 0.278021986716 2016 3 9  0:19:45.882
93.8212332824 26.6598403332 93.8481922449 26.7489904857 0.268464169787 0.278046698418 2016 3 9  0:21:1.513
93.8192868949 26.9736692213 93.8427024905 27.0535419507 0.268464107768 0.278071350406 2016 3 9  0:22:17.143
93.8174790071 27.2875077569 93.8373220798 27.3581293366 0.268464045752 0.278095941973 2016 3 9  0:23:32.773
93.8158106376 27.601355533 93.8320515136 27.662752283 0.268463983734 0.278120472416 2016 3 9  0:24:48.403
93.8142828864 27.9152122551 93.8268913145 27.9674104388 0.268463921715 0.278144941034 2016 3 9  0:26:4.034
93.8128968714 28.2290776081 93.8218420274 28.2721034645 0.268463859697 0.278169347129 2016 3 9  0:27:19.664
93.8116537611 28.542951487 93.8169042177 28.5768311899 0.26846379768 0.278193690018 2016 3 9  0:28:35.294
93.8105547123 28.8568331949 93.8120784814 28.8815929678 0.268463735662 0.278217968979 2016 3 9  0:29:50.924
93.809600965 29.1707226471 93.8073654304 29.1863886454 0.268463673643 0.278242183336 2016 3 9  0:31:6.555
93.8087937808 29.4846195673 93.8027657033 29.4912179155 0.268463611624 0.278266332397 2016 3 9  0:32:22.185
93.8081344588 29.7985236878 93.7982799631 29.7960804782 0.268463549605 0.278290415477 2016 3 9  0:33:37.815
93.8076243536 30.1124347826 93.7939088981 30.1009760404 0.268463487588 0.27831443189 2016 3 9  0:34:53.445
93.8072648098 30.4263525325 93.7896532218 30.4059043156 0.268463425569 0.278338380953 2016 3 9  0:36:9.076
93.807057262 30.7402767265 93.785513674 30.7108650235 0.26846336355 0.278362261987 2016 3 9  0:37:24.706
93.8070031695 31.054207127 93.7814910209 31.0158578895 0.268463301531 0.278386074312 2016 3 9  0:38:40.336
93.8071040346 31.3681436701 93.7775860538 31.3208828071 0.268463239511 0.278409817265 2016 3 9  0:39:55.966
93.8073614188 31.6820858289 93.7737995981 31.6259391873 0.268463177495 0.278433490149 2016 3 9  0:41:11.597
93.8077768783 31.9960334855 93.770132501 31.9310269347 0.268463115475 0.278457092302 2016 3 9  0:42:27.227
93.8083520651 32.3099864592 93.766585641 32.2361457946 0.268463053456 0.278480623057 2016 3 9  0:43:42.857
93.8090886609 32.6239445413 93.7631599259 32.5412955175 0.268462991436 0.278504081746 2016 3 9  0:44:58.487
93.8099884124 32.9379075618 93.7598562941 32.8464758577 0.268462929419 0.278527467704 2016 3 9  0:46:14.118
93.8110530638 33.2518752544 93.7566757146 33.1516865738 0.268462867399 0.278550780269 2016 3 9  0:47:29.748
93.8122844609 33.5658474579 93.7536191883 33.456927428 0.268462805379 0.278574018781 2016 3 9  0:48:45.378
93.8136844837 33.8798239817 93.7506877482 33.7621981862 0.268462743359 0.27859718258 2016 3 9  0:50:1.008
93.8152550662 34.1938048064 93.7478824592 34.0674987798 0.268462681339 0.278620271024 2016 3 9  0:51:16.639
93.8169982108 34.5077894475 93.7452044247 34.3728286563 0.268462619322 0.278643283433 2016 3 9  0:52:32.269
93.8189159261 34.8217778257 93.742654778 34.6781877534 0.268462557302 0.27866621917 2016 3 9  0:53:47.899
93.8210103291 35.1357697979 93.7402346897 34.9835758491 0.268462495282 0.278689077585 2016 3 9  0:55:3.529
93.8232835778 35.4497651899 93.737945367 35.2889927236 0.268462433261 0.278711858031 2016 3 9  0:56:19.16
93.8257379086 35.7637638655 93.7357880544 35.5944381612 0.268462371244 0.278734559864 2016 3 9  0:57:34.79
93.8283755655 36.077765589 93.7337640347 35.8999119468 0.268462309223 0.278757182441 2016 3 9  0:58:50.42
93.8311989097 36.3917702281 93.7318746299 36.2054138683 0.268462247203 0.278779725122 2016 3 9  1:0:6.05
93.8342103499 36.7057776192 93.7301212027 36.5109437153 0.268462185182 0.27880218727 2016 3 9  1:1:21.681
93.8374123635 37.0197877684 93.728505156 36.8165014422 0.268462123162 0.278824568261 2016 3 9  1:2:37.311
93.8408075095 37.3338002145 93.7270279379 37.1220865174 0.268462061144 0.278846867439 2016 3 9  1:3:52.941
93.8443983682 37.6478149005 93.7256910373 37.4276988986 0.268461999123 0.278869084185 2016 3 9  1:5:8.571
93.8481876462 37.9618317033 93.724495989 37.7333383826 0.268461937102 0.27889121787 2016 3 9  1:6:24.202
93.8521781063 38.2758504684 93.7234443735 38.0390047675 0.268461875081 0.278913267869 2016 3 9  1:7:39.832
93.8563726075 38.5898710756 93.7225378187 38.3446978529 0.268461813063 0.278935233558 2016 3 9  1:8:55.462
93.8607740319 38.9038933057 93.721778001 38.6504174396 0.268461751042 0.278957114316 2016 3 9  1:10:11.092
93.8653853992 39.2179170403 93.7211666467 38.956163329 0.268461689021 0.278978909525 2016 3 9  1:11:26.723
93.8702097949 39.53194213 93.7207055333 39.2619353249 0.268461627 0.279000618568 2016 3 9  1:12:42.353
93.8752503939 39.845968592 93.720396491 39.5677333935 0.268461564979 0.279022240844 2016 3 9  1:13:57.983
93.8805104711 40.159995976 93.7202414046 39.8735570146 0.26846150296 0.279043775718 2016 3 9  1:15:13.613
93.8859933441 40.4740242332 93.7202422144 40.1794061553 0.268461440939 0.279065222592 2016 3 9  1:16:29.244
93.8917024803 40.788053249 93.7204009181 40.4852806222 0.268461378917 0.27908658086 2016 3 9  1:17:44.874
93.8976414256 41.1020828754 93.7207195726 40.791180222 0.268461316896 0.279107849919 2016 3 9  1:19:0.504
93.9038138268 41.4161129644 93.7212002957 41.0971047619 0.268461254874 0.279129029168 2016 3 9  1:20:16.134
93.9102234546 41.7301434011 93.721845268 41.4030540496 0.268461192855 0.279150118007 2016 3 9  1:21:31.765
93.9168741273 42.0441739707 93.7226567347 41.7090278929 0.268461130834 0.27917111584 2016 3 9  1:22:47.395
93.9237698337 42.3582045579 93.7236370073 42.0150261 0.268461068812 0.279192022075 2016 3 9  1:24:3.025
93.930914661 42.6722351812 93.724788467 42.3210486421 0.26846100679 0.279212836131 2016 3 9  1:25:18.655
93.9383128225 42.9862653891 93.7261135634 42.6270950016 0.268460944771 0.279233557397 2016 3 9  1:26:34.286
93.9459686047 43.300295133 93.7276148213 42.9331651506 0.268460882749 0.279254185299 2016 3 9  1:27:49.916
93.9538864769 43.6143242947 93.7292948398 43.2392588972 0.268460820727 0.279274719254 2016 3 9  1:29:5.546
93.962071018 43.9283527224 93.7311562959 43.5453760495 0.268460758705 0.279295158682 2016 3 9  1:30:21.176
93.9705269417 44.2423802631 93.7332019466 43.8515164158 0.268460696683 0.279315503004 2016 3 9  1:31:36.807
93.9792591214 44.5564067958 93.7354346316 44.1576798038 0.268460634663 0.279335751646 2016 3 9  1:32:52.437
93.9882725115 44.8704320983 93.7378572763 44.463866021 0.268460572641 0.279355904036 2016 3 9  1:34:8.067
93.9975722778 45.1844560471 93.7404728939 44.7700748745 0.268460510619 0.279375959603 2016 3 9  1:35:23.697
94.0071637246 45.4984786509 93.7432845905 45.0763063337 0.268460448596 0.279395917791 2016 3 9  1:36:39.328
94.0170523208 45.8124994478 93.746295562 45.3825598789 0.268460386576 0.279415778016 2016 3 9  1:37:54.958
94.0272436511 46.1265183764 93.7495091058 45.6888354783 0.268460324554 0.279435539726 2016 3 9  1:39:10.588
94.0377435305 46.4405353059 93.7529286188 45.9951329365 0.268460262531 0.279455202364 2016 3 9  1:40:26.218
94.048557929 46.7545500692 93.7565576019 46.301452057 0.268460200508 0.279474765372 2016 3 9  1:41:41.849
94.0596929998 47.0685624987 93.7603996637 46.6077926438 0.268460138486 0.279494228199 2016 3 9  1:42:57.479
94.0711551081 47.3825724558 93.7644585244 46.9141544985 0.268460076465 0.279513590295 2016 3 9  1:44:13.109
94.0829507488 47.6965797003 93.7687380194 47.2205374222 0.268460014443 0.279532851111 2016 3 9  1:45:28.739
94.0950866875 48.0105840885 93.7732421037 47.5269412149 0.26845995242 0.279552010105 2016 3 9  1:46:44.37
94.1075698863 48.3245856085 93.7779748586 47.8333658385 0.268459890397 0.279571066744 2016 3 9  1:47:60.0
